[{"id": 0, "img_name": "cam0", "width": 1920, "height": 1080, "position": [0.0, 0.0, 0.0], "rotation": [[1.0, 0.0, 0.0], [0.0, 1.0, 0.0], [0.0, 0.0, 1.0]], "fy": 912.8096269904836, "fx": 912.8096269904837}, {"id": 1, "img_name": "cam1", "width": 1920, "height": 1080, "position": [1.696592477362182, 0.6179930943422954, -0.10434272674947775], "rotation": [[0.38702399142445787, -0.5595962288354575, 0.73284683988881], [0.421322248694817, 0.8142873498955937, 0.39927894328996827], [-0.8201829020508923, 0.1542341482070209, 0.5509190818171311]], "fy": 912.8096269904836, "fx": 912.8096269904837}, {"id": 2, "img_name": "cam2", "width": 1920, "height": 1080, "position": [-0.9977594696754957, 0.4557804743017351, -1.3133983897958312], "rotation": [[0.2336588761132366, 0.6218319354643239, -0.7474814871621851], [-0.3429209838822509, 0.7720658214002382, 0.5350883723636729], [0.9098399465987015, 0.13129893930366773, 0.39363925123265275]], "fy": 912.8096269904836, "fx": 912.8096269904837}, {"id": 3, "img_name": "cam0", "width": 1920, "height": 1080, "position": [0.0, 0.0, 0.0], "rotation": [[1.0, 0.0, 0.0], [0.0, 1.0, 0.0], [0.0, 0.0, 1.0]], "fy": 912.8096269904836, "fx": 912.8096269904837}, {"id": 4, "img_name": "cam1", "width": 1920, "height": 1080, "position": [1.696592477362182, 0.6179930943422954, -0.10434272674947775], "rotation": [[0.38702399142445787, -0.5595962288354575, 0.73284683988881], [0.421322248694817, 0.8142873498955937, 0.39927894328996827], [-0.8201829020508923, 0.1542341482070209, 0.5509190818171311]], "fy": 912.8096269904836, "fx": 912.8096269904837}, {"id": 5, "img_name": "cam2", "width": 1920, "height": 1080, "position": [-0.9977594696754957, 0.4557804743017351, -1.3133983897958312], "rotation": [[0.2336588761132366, 0.6218319354643239, -0.7474814871621851], [-0.3429209838822509, 0.7720658214002382, 0.5350883723636729], [0.9098399465987015, 0.13129893930366773, 0.39363925123265275]], "fy": 912.8096269904836, "fx": 912.8096269904837}]